36;4;378;360;1.142857
36;4;378;375;1.190476
36;4;378;390;1.238095
36;4;378;405;1.285714
36;4;378;420;1.333333
36;4;378;435;1.380952
36;4;378;450;1.428571
36;4;378;465;1.476190
36;4;378;480;1.523810
36;4;378;495;1.571429
36;4;384;510;1.619048
40;4;384;525;1.666667
40;4;384;540;1.714286
40;9;384;555;1.761905
40;9;384;570;1.809524
40;9;384;585;1.857143
40;4;384;600;1.904762
40;4;384;615;1.952381
40;4;384;630;2.000000
40;4;384;645;2.047619
40;4;384;660;2.095238
40;4;390;675;2.142857
40;13.2;390;690;2.190476
40;13.2;390;705;2.238095
44;13.2;390;720;2.285714
44;6;390;735;2.333333
44;6;390;750;2.380952
44;0;390;765;2.428571
44;0;390;780;2.476190
44;0;396;795;2.523810
44;0;396;810;2.571429
44;0;396;825;2.619048
44;0;396;840;2.666667
44;0;396;855;2.714286
44;0;396;870;2.761905
48;0;402;885;2.809524
52;0;402;900;2.857143
56;0;402;915;2.904762
56;0;402;930;2.952381
56;0;402;945;3.000000
56;0;408;960;3.047619
56;5;408;975;3.095238
56;5;408;990;3.142857
56;5;408;1005;3.190476
56;5;408;1020;3.238095
56;5;408;1035;3.285714
56;5;408;1050;3.333333
60;0;408;1065;3.380952
60;0;408;1080;3.428571
60;0;414;1095;3.476190
60;0;414;1110;3.523810
64;0;414;1125;3.571429
64;5;414;1140;3.619048
64;5;414;1155;3.666667
64;5;414;1170;3.714286
64;5;414;1185;3.761905
64;5;414;1200;3.809524
64;5;414;1215;3.857143
68;5;414;1230;3.904762
68;5;414;1245;3.952381
68;5;420;1260;4.000000
68;5;420;1260;4.000000
68;5;420;1260;4.000000
68;5;420;1260;4.000000
68;5;420;1260;4.000000
68;5;420;1260;4.000000
68;5;420;1230;3.904762
68;5;426;1200;3.809524
68;5;426;1170;3.714286
68;5;426;1140;3.619048
68;5;426;1110;3.523810
68;5;432;1080;3.428571
68;5;432;1050;3.333333
68;5;432;1020;3.238095
68;26;432;990;3.142857
68;26;432;960;3.047619
68;26;432;930;2.952381
67.6;26;426;900;2.857143
66;10;420;870;2.761905
65.2;10;420;840;2.666667
64;10;420;810;2.571429
60;10;420;780;2.476190
56;10;420;750;2.380952
52;10;420;720;2.285714
52;10;420;690;2.190476
52;10;414;660;2.095238
52;10;414;630;2.000000
52;10;408;600;1.904762
52;8;408;570;1.809524
52;8;408;540;1.714286
48;8;408;510;1.619048
48;8;408;480;1.523810
48;8;408;450;1.428571
48;8;408;420;1.333333
48;8;408;390;1.238095
48;8;408;360;1.142857
44;8;408;330;1.047619
