"TEMPERATURA": 
          [
            33.046875,58.12431960569374
          ],
          [
            34.27734375,58.401711667608
          ],
          [
            34.80468749999999,58.309488840677645
          ],
          [
            35.5078125,58.6769376725869
          ],
          [
            35.947265625,58.81374171570782
          ],
          [
            36.298828125,59.17592824927136
          ],
          [
            36.9140625,59.085738569819505
          ],
          [
            37.880859375,59.22093407615045
          ],
          [
            38.408203125,59.44507509904714
          ],
          [
            39.287109375,59.66774058164963
          ],
          [
            39.814453125,59.489726035537075
          ],
          [
            40.78125,59.5343180010956
          ],
          [
            41.748046875,59.80063426102869
          ],
          [
            42.099609375,59.88893689676585
          ],
          [
            43.2421875,60.02095215374802
          ],
          [
            43.857421875,59.66774058164963
          ],
          [
            44.6484375,59.84481485969105
          ],
          [
            45.3515625,60.19615576604439
          ],
          [
            46.142578125,60.457217797743944
          ],
          [
            46.93359375,60.457217797743944
          ],
          [
            47.8125,60.54377524118842
          ],
          [
            48.779296875,60.84491057364912
          ],
          [
            49.658203125,61.05828537037916
          ],
          [
            50.185546875,61.312451574838214
          ],
          [
            50.625,61.60639637138628
          ],
          [
            51.064453125,61.85614879566797
          ],
          [
            52.03125,61.98026726504402
          ],
          [
            52.64648437499999,62.186013857194226
          ],
          [
            53.701171875,62.186013857194226
          ],
          [
            54.58007812499999,62.226996036319726
          ],
          [
            54.931640625,62.431074232920906
          ],
          [
            55.72265625,62.471723714758724
          ],
          [
            56.42578125,62.226996036319726
          ],
          [
            56.865234375,61.98026726504402
          ],
          [
            57.568359375,61.64816245852389
          ],
          [
            58.53515625,61.85614879566797
          ],
          [
            58.62304687499999,62.14497603754045
          ],
          [
            59.23828124999999,62.062733258846514
          ],
          [
            60.380859375,61.98026726504402
          ],
          [
            60.99609375,62.2679226294176
          ],
          [
            61.25976562499999,62.552856958572896
          ],
          [
            62.05078125,62.71446210149774
          ],
          [
            62.49023437499999,62.99515845212052
          ],
          [
            63.10546874999999,63.11463763252091
          ],
          [
            63.896484375,62.95522304515911
          ],
          [
            64.775390625,63.11463763252091
          ],
          [
            65.21484375,63.509375401175134
          ],
          [
            65.56640625,63.6267446447533
          ],
          [
            66.26953125,63.74363097533544
          ],
          [
            66.97265625,63.860035895395306
          ],
          [
            67.412109375,64.05297838071347
          ],
          [
            68.466796875,64.35893097894458
          ],
          [
            68.90625,64.58618480339979
          ],
          [
            69.697265625,64.84893726357947
          ],
          [
            70.400390625,64.77412531292873
          ],
          [
            71.3671875,64.92354174306496
          ],
          [
            71.89453125,64.54844014422517
          ],
          [
            72.861328125,64.16810689799152
          ],
          [
            73.30078125,63.860035895395306
          ],
          [
            74.091796875,63.6267446447533
          ],
          [
            74.794921875,63.6267446447533
          ],
          [
            75.673828125,63.58767529470318
          ],
          [
            76.025390625,63.54855223203644
          ],
          [
            76.728515625,63.470144746565424
          ],
          [
            76.904296875,63.194018438087845
          ],
          [
            77.6953125,63.03503931552975
          ],
          [
            78.134765625,62.95522304515911
          ],
          [
            78.662109375,62.91523303947614
          ],
          [
            79.541015625,62.71446210149774
          ],
          [
            80.419921875,62.67414334669093
          ],
          [
            80.771484375,62.3903694381427
          ],
          [
            81.650390625,62.103882522897855
          ],
          [
            82.265625,61.938950426660604
          ],
          [
            82.79296874999999,61.689872200460016
          ],
          [
            83.408203125,61.48075950007598
          ],
          [
            84.0234375,61.52269494598361
          ],
          [
            84.638671875,61.312451574838214
          ],
          [
            85.25390625,61.05828537037916
          ],
          [
            85.95703125,61.01572481397616
          ],
          [
            86.572265625,60.80206374467983
          ],
          [
            87.099609375,60.50052541051131
          ],
          [
            87.275390625,60.108670463036
          ],
          [
            87.275390625,59.80063426102869
          ],
          [
            87.890625,59.489726035537075
          ],
          [
            88.41796875,59.265880628258095
          ],
          [
            89.20898437499999,59.130863097255904
          ],
          [
            89.6484375,58.90464570302001
          ],
          [
            90.3515625,58.768200159239576
          ],
          [
            90.87890625,58.90464570302001
          ],
          [
            90.966796875,58.6769376725869
          ],
          [
            91.49414062499999,58.401711667608
          ],
          [
            91.845703125,58.21702494960191
          ],
          [
            92.548828125,57.938183012205315
          ],
          [
            93.1640625,57.79794388498275
          ],
          [
            93.603515625,57.657157596582984
          ],
          [
            93.955078125,57.42129439209407
          ],
          [
            94.482421875,57.231502991478926
          ],
          [
            95.44921875,56.992882804633986
          ],
          [
            95.97656249999999,56.80087831233043
          ],
          [
            96.50390625,56.75272287205736
          ],
          [
            97.55859375,56.75272287205736
          ],
          [
            98.61328125,56.607885465009254
          ],
          [
            99.49218749999999,56.46249048388979
          ],
          [
            100.01953125,56.36525013685606
          ],
          [
            100.37109375,56.07203547180089
          ],
          [
            100.986328125,55.92458580482951
          ],
          [
            101.6015625,55.727110085045986
          ]
