"VIENTO": 
[
33.92578125,51.069016659603896
],
[
35.68359375,50.736455137010665
],
[
36.38671875,51.069016659603896
],
[
38.14453125,51.72702815704774
],
[
39.0234375,51.28940590271679
],
[
39.7265625,51.508742458803326
],
[
40.60546875,51.069016659603896
],
[
40.95703125,50.736455137010665
],
[
42.1875,50.51342652633956
],
[
42.36328124999999,51.28940590271679
],
[
43.2421875,52.05249047600099
],
[
44.82421875,52.802761415419674
],
[
45.52734375,53.54030739150022
],
[
46.23046874999999,54.57206165565852
],
[
47.109375,55.47885346331034
],
[
47.63671875,54.470037612805754
],
[
48.33984375,53.54030739150022
],
[
48.8671875,52.482780222078226
],
[
49.39453125,51.17934297928927
],
[
51.50390625,50.62507306341435
],
[
52.03125,51.17934297928927
],
[
53.4375,50.84757295365389
],
[
55.54687499999999,50.28933925329178
],
[
56.07421875,50.84757295365389
],
[
56.953125,51.28940590271679
],
[
58.71093750000001,50.958426723359935
],
[
60.29296874999999,50.84757295365389
],
[
61.52343749999999,51.069016659603896
],
[
63.28125,50.62507306341435
],
[
64.16015624999999,51.39920565355378
],
[
65.0390625,52.482780222078226
],
[
65.390625,53.4357192066942
],
[
66.26953125,53.64463782485651
],
[
67.5,53.9560855309879
],
[
68.37890625,54.97761367069628
],
[
69.78515625,55.87531083569679
],
[
70.48828125,56.46249048388979
],
[
70.83984375,55.3791104480105
],
[
71.015625,54.470037612805754
],
[
71.015625,53.4357192066942
],
[
72.0703125,52.16045455774706
],
[
72.0703125,51.28940590271679
],
[
73.125,50.84757295365389
],
[
73.30078125,51.28940590271679
],
[
74.53125,52.3755991766591
],
[
74.8828125,53.54030739150022
],
[
76.46484375,54.87660665410869
],
[
78.75,57.136239319177434
],
[
80.15625,57.89149735271034
],
[
80.68359375,56.84897198026975
],
[
80.85937499999999,55.7765730186677
],
[
81.38671875,54.97761367069628
],
[
81.03515625,54.059387886623576
],
[
82.265625,53.12040528310657
],
[
85.60546875,50.51342652633956
],
[
87.01171875,50.736455137010665
],
[
87.01171875,51.28940590271679
],
[
88.59374999999999,53.4357192066942
],
[
89.47265625,55.07836723201515
],
[
90.17578124999999,55.87531083569679
],
[
90.703125,55.07836723201515
],
[
91.0546875,54.265224078605684
],
[
91.7578125,53.4357192066942
],
[
92.28515625,52.482780222078226
],
[
93.1640625,51.83577752045248
],
[
94.39453125,51.6180165487737
],
[
95.97656249999999,51.17934297928927
],
[
97.20703125,50.958426723359935
],
[
98.4375,50.736455137010665
],
[
101.25,50.62507306341435
],
[
102.3046875,50.17689812200107
],
[
103.88671875,49.83798245308484
],
[
105.1171875,49.83798245308484
],
[
106.5234375,49.83798245308484
],
[
108.80859375,49.95121990866204
],
[
110.0390625,49.95121990866204
],
[
111.26953125,50.28933925329178
],
[
112.67578124999999,50.064191736659104
],
[
113.73046875,49.83798245308484
],
[
115.48828125000001,49.83798245308484
],
[
117.59765625,50.064191736659104
],
[
118.47656249999999,50.84757295365389
],
[
120.58593749999999,50.62507306341435
],
[
121.81640624999999,51.17934297928927
],
[
122.6953125,51.944264879028765
],
[
123.92578125,51.6180165487737
],
[
125.15625000000001,51.17934297928927
],
[
127.61718749999999,54.97761367069628
],
[
129.90234375,56.559482483762245
],
[
131.484375,57.326521225217064
],
[
132.36328125,56.17002298293205
],
[
132.36328125,55.178867663281984
],
[
133.41796874999997,54.059387886623576
],
[
135.87890625,49.61070993807422
],
[
136.7578125,50.401515322782366
],
[
137.4609375,51.069016659603896
],
[
138.1640625,51.83577752045248
],
[
138.69140625,52.5897007687178
],
[
139.39453125,51.72702815704774
],
[
140.09765625,51.069016659603896
],
[
140.44921875,50.401515322782366
],
[
141.328125,50.064191736659104
],
[
142.20703125,50.064191736659104
],
[
143.4375,50.17689812200107
],
[
144.31640625,50.28933925329178
],
[
145.546875,50.401515322782366
],
[
146.77734375,50.84757295365389
]
